# of indices,	 # of gens,	 # of pop,	 sample size,	 mutation chance,	 avgTime,	 netTime
1,	 2000,	 500,	 50,	 0, 1.104362,	 55.218110
1,	 2000,	 500,	 50,	 1, 0.770556,	 38.527797
1,	 2000,	 500,	 50,	 2, 0.780736,	 39.036796
1,	 2000,	 500,	 50,	 3, 0.670266,	 33.513296
1,	 2000,	 500,	 50,	 4, 0.643993,	 32.199671
1,	 2000,	 500,	 50,	 5, 0.717980,	 35.899001
1,	 2000,	 500,	 50,	 6, 0.495696,	 24.784801
1,	 2000,	 500,	 50,	 7, 0.664035,	 33.201757
1,	 2000,	 500,	 50,	 8, 0.637803,	 31.890132
1,	 2000,	 500,	 50,	 9, 0.636366,	 31.818284
1,	 2000,	 500,	 50,	 10, 0.550190,	 27.509482
1,	 2000,	 500,	 50,	 11, 0.471365,	 23.568248
1,	 2000,	 500,	 50,	 12, 0.690592,	 34.529594
1,	 2000,	 500,	 50,	 13, 0.591850,	 29.592504
1,	 2000,	 500,	 50,	 14, 0.487565,	 24.378231
1,	 2000,	 500,	 50,	 15, 0.555794,	 27.789713
1,	 2000,	 500,	 50,	 16, 0.597794,	 29.889722
1,	 2000,	 500,	 50,	 17, 0.517367,	 25.868347
1,	 2000,	 500,	 50,	 18, 0.636717,	 31.835831
1,	 2000,	 500,	 50,	 19, 0.471141,	 23.557042
1,	 2000,	 500,	 50,	 20, 0.493175,	 24.658753
1,	 2000,	 500,	 50,	 21, 0.470082,	 23.504086
1,	 2000,	 500,	 50,	 22, 0.517416,	 25.870801
1,	 2000,	 500,	 50,	 23, 0.512776,	 25.638814
1,	 2000,	 500,	 50,	 24, 0.517086,	 25.854305
1,	 2000,	 500,	 50,	 25, 0.690092,	 34.504620
1,	 2000,	 500,	 50,	 26, 0.420697,	 21.034825
1,	 2000,	 500,	 50,	 27, 0.424750,	 21.237476
1,	 2000,	 500,	 50,	 28, 0.366601,	 18.330062
1,	 2000,	 500,	 50,	 29, 0.401956,	 20.097780
1,	 2000,	 500,	 50,	 30, 0.419073,	 20.953643
1,	 2000,	 500,	 50,	 31, 0.321503,	 16.075133
1,	 2000,	 500,	 50,	 32, 0.333907,	 16.695350
1,	 2000,	 500,	 50,	 33, 0.330761,	 16.538049
1,	 2000,	 500,	 50,	 34, 0.305054,	 15.252689
1,	 2000,	 500,	 50,	 35, 0.382293,	 19.114662
1,	 2000,	 500,	 50,	 36, 0.314319,	 15.715932
1,	 2000,	 500,	 50,	 37, 0.377328,	 18.866415
1,	 2000,	 500,	 50,	 38, 0.211797,	 10.589826
1,	 2000,	 500,	 50,	 39, 0.355618,	 17.780919
1,	 2000,	 500,	 50,	 40, 0.111966,	 5.598315
1,	 2000,	 500,	 50,	 41, 0.111998,	 5.599918
1,	 2000,	 500,	 50,	 42, 0.106588,	 5.329418
1,	 2000,	 500,	 50,	 43, 0.045901,	 2.295072
1,	 2000,	 500,	 50,	 44, 0.035176,	 1.758818
1,	 2000,	 500,	 50,	 45, 0.040538,	 2.026912
1,	 2000,	 500,	 50,	 46, 0.031496,	 1.574783
1,	 2000,	 500,	 50,	 47, 0.015476,	 0.773812
1,	 2000,	 500,	 50,	 48, 0.016031,	 0.801553
1,	 2000,	 500,	 50,	 49, 0.026072,	 1.303578
1,	 2000,	 500,	 50,	 50, 0.016223,	 0.811162
1,	 2000,	 500,	 50,	 51, 0.016508,	 0.825404
1,	 2000,	 500,	 50,	 52, 0.008879,	 0.443968
1,	 2000,	 500,	 50,	 53, 0.010644,	 0.532186
1,	 2000,	 500,	 50,	 54, 0.007577,	 0.378869
1,	 2000,	 500,	 50,	 55, 0.012538,	 0.626887
1,	 2000,	 500,	 50,	 56, 0.009451,	 0.472562
1,	 2000,	 500,	 50,	 57, 0.007100,	 0.354993
1,	 2000,	 500,	 50,	 58, 0.008461,	 0.423061
1,	 2000,	 500,	 50,	 59, 0.009783,	 0.489163
1,	 2000,	 500,	 50,	 60, 0.011214,	 0.560708
1,	 2000,	 500,	 50,	 61, 0.011650,	 0.582501
1,	 2000,	 500,	 50,	 62, 0.008304,	 0.415192
1,	 2000,	 500,	 50,	 63, 0.004539,	 0.226933
1,	 2000,	 500,	 50,	 64, 0.007669,	 0.383433
1,	 2000,	 500,	 50,	 65, 0.004988,	 0.249397
1,	 2000,	 500,	 50,	 66, 0.006634,	 0.331677
1,	 2000,	 500,	 50,	 67, 0.005788,	 0.289417
1,	 2000,	 500,	 50,	 68, 0.006927,	 0.346346
1,	 2000,	 500,	 50,	 69, 0.003662,	 0.183079
1,	 2000,	 500,	 50,	 70, 0.007209,	 0.360452
1,	 2000,	 500,	 50,	 71, 0.007032,	 0.351609
1,	 2000,	 500,	 50,	 72, 0.004538,	 0.226901
1,	 2000,	 500,	 50,	 73, 0.004158,	 0.207909
1,	 2000,	 500,	 50,	 74, 0.007389,	 0.369472
1,	 2000,	 500,	 50,	 75, 0.004577,	 0.228848
1,	 2000,	 500,	 50,	 76, 0.005821,	 0.291052
1,	 2000,	 500,	 50,	 77, 0.004089,	 0.204456
1,	 2000,	 500,	 50,	 78, 0.003867,	 0.193346
1,	 2000,	 500,	 50,	 79, 0.004665,	 0.233232
1,	 2000,	 500,	 50,	 80, 0.002567,	 0.128341
1,	 2000,	 500,	 50,	 81, 0.004191,	 0.209533
1,	 2000,	 500,	 50,	 82, 0.005576,	 0.278779
1,	 2000,	 500,	 50,	 83, 0.004504,	 0.225212
1,	 2000,	 500,	 50,	 84, 0.004834,	 0.241677
1,	 2000,	 500,	 50,	 85, 0.004386,	 0.219307
1,	 2000,	 500,	 50,	 86, 0.005099,	 0.254955
1,	 2000,	 500,	 50,	 87, 0.005210,	 0.260489
1,	 2000,	 500,	 50,	 88, 0.005476,	 0.273802
1,	 2000,	 500,	 50,	 89, 0.004839,	 0.241937
1,	 2000,	 500,	 50,	 90, 0.004757,	 0.237860
1,	 2000,	 500,	 50,	 91, 0.003656,	 0.182779
1,	 2000,	 500,	 50,	 92, 0.004053,	 0.202635
1,	 2000,	 500,	 50,	 93, 0.004429,	 0.221434
1,	 2000,	 500,	 50,	 94, 0.003431,	 0.171567
1,	 2000,	 500,	 50,	 95, 0.003667,	 0.183349
1,	 2000,	 500,	 50,	 96, 0.003901,	 0.195038
1,	 2000,	 500,	 50,	 97, 0.027581,	 1.379044
1,	 2000,	 500,	 50,	 98, 0.002775,	 0.138726
1,	 2000,	 500,	 50,	 99, 0.003644,	 0.182224
